红史莱姆    
50
20
1
1
1
史莱姆
70
15
2
2
2
蝙蝠
200
35
10
5
5
大蝙蝠
100
20
5
3
3
骷髅
150
65
30
10
8
史莱姆
110
25
5
5
4
持盾骷髅
150
40
20
8
6
骷髅队长
400
90
50
15
12
魔法师
125
50
25
10
7
红法师
100
200
110
30
25
兽人
300
75
45
13
10
精英兽人
900
450
330
50
50
石头人
500
115
65
15
15
香蕉人
3100
1150
1095
92
80
大史莱姆
700
250
125
32
30
魔法师
250
120
70
20
17
红法师
500
400
260
47
45
黄石人
450
150
90
22
19
蓝石人
1250
500
400
55
55
红蝙蝠
1500
560
460
60
60
骑士
550
160
90
25
20
红骑士
900
750
650
77
70
盗贼
850
350
200
45
40
死者
1200
650
520
65
75
死者精英
2000
680
590
70
65
大守卫
2500
900
850
84
75
主持人
2000
680
590
70
65
副手位
1500
830
730
80
70
魔王儿子
1300
300
150
40
35
魔王
15000
1000
1000
100
100